30.00 31.35 31.02 30.69 30.36 30.03 29.70 29.37 29.04 28.71 28.38 28.05
27.72 27.39 27.06 26.73 26.73 26.40 26.07 25.41 24.75 24.42 24.42 24.09
24.09 23.76 23.76 23.76 23.76 23.43 23.43 23.43

20.00 31.35 31.35 31.02 30.69 30.03 29.70 29.04 28.71 28.38 28.05 27.72
27.39 27.06 26.73 26.40 26.40 25.74 25.41 25.08 24.75 24.42 24.09 23.76
23.43 23.10 23.10 22.77 22.44 22.11 21.78 21.45

10.00 31.35 31.35 30.36 30.03 30.03 29.04 28.71 28.05 27.39 27.06 26.73
26.40 25.41 24.75 24.42 24.09 23.43 22.77 22.11 21.45 20.46 20.13 19.80
19.80 19.47 19.47 19.14 18.81 18.15 18.15 18.15

9.00  31.35 31.35 31.02 31.02 30.36 30.03 29.37 29.04 28.38 27.39 26.73
25.74 25.41 24.42 23.76 23.43 22.44 21.45 20.79 20.46 19.80 19.47 19.47
18.81 18.48 18.15 17.82 17.49 17.49 17.16 17.16

8.00  31.68 31.35 31.02 30.36 30.03 29.04 28.71 28.38 27.39 27.06 26.73
25.41 24.42 23.76 23.10 22.44 21.12 20.13 19.80 19.47 18.81 18.48 18.15
17.82 17.16 16.83 16.50 16.50 16.50 14.85 14.85

7.00  32.01 32.01 31.68 30.69 30.36 29.37 28.71 28.05 27.39 27.06 26.07
25.08 23.76 23.10 21.78 20.79 19.47 19.14 18.81 18.48 17.82 17.16 16.83
16.50 16.50 14.85 14.85 13.20 11.55 9.90  9.90

6.00  32.01 32.01 31.68 31.35 30.69 29.37 28.71 27.72 27.06 26.40 25.08
24.09 23.10 21.45 19.80 19.47 19.14 17.82 17.49 17.16 16.50 14.85 13.20
11.55 8.25  6.60  6.60  6.60  6.60  6.60  6.60

5.00  32.34 32.34 32.01 31.68 30.36 29.37 28.38 27.39 26.73 25.41 23.76
22.77 20.13 19.14 18.48 17.49 16.83 16.50 13.20 6.60  4.95  4.29  3.30 
3.30  2.97  2.97  2.64  2.64  2.31  2.31  2.31

4.00  36.30 33.00 32.01 31.35 30.69 29.70 29.71 27.39 25.74 23.43 21.45
19.80 18.15 16.83 14.85 4.95  3.30  2.64  1.65  1.32  0.66  0.00  0.00 
0.00  0.00  0.00  0.00  0.00  0.00  0.00  0.00

3.00  39.60 36.30 33.00 31.35 30.69 30.03 28.05 26.40 23.10 20.46 18.15
16.50 3.30  0.00  -0.33 -1.32 -2.97 -3.30 -3.30 -3.30 -3.30 -3.30 -6.60
-9.90 -6.60 -6.60 -6.60 -6.60 -4.95 -4.95 -3.30

2.00  49.50 49.50 42.90 42.90 33.00 31.35 28.05 24.75 16.50 0.99  -6.60
-16.50  -19.80  -26.40  -33.00  -33.00  -29.70  -28.10  -26.40  -24.80 
-23.10  -21.50  -19.80  -18.20  -17.50  -16.50  -16.50  -16.50  -15.80 
-9.99 -9.99

1.00  52.80 52.80 56.10 59.40 52.80 49.50 42.90 33.00 19.80 9.90  0.00 
-4.95 -11.55  -13.20  -14.85  -14.85  -14.85  -13.20  -13.20  -13.20 
-13.20  -13.20  -13.20  -11.55  -11.55  -9.90 -9.90 -8.25 -4.95 -4.95
-3.30

0.90  49.50 52.80 56.10 59.40 62.70 66.00 52.80 46.20 39.60 26.40 3.30 
-0.99 -9.90 -9.90 -9.90 -9.99 -9.99 -9.99 -9.99 -9.99 -9.99 -9.99 -9.99
-9.99 -9.99 -9.90 -9.90 -8.25 -4.95 -3.63 -2.97

0.80  46.20 52.80 56.10 59.40 62.70 56.10 42.90 39.60 33.00 19.80 9.90 
0.99  -1.98 -4.29 -6.60 -8.25 -9.99 -9.99 -9.99 -9.99 -9.90 -9.90 -9.90
-9.90 -9.90 -9.90 -8.25 -6.60 -3.30 -2.97 -2.97

0.70  42.90 49.50 52.80 56.10 59.40 56.10 46.20 42.90 36.30 23.10 16.50
3.30  0.00  -1.98 -3.30 -3.30 -4.95 -6.60 -6.60 -6.60 -6.60 -6.60 -6.60
-6.60 -6.60 -4.95 -4.29 -3.30 -2.97 -2.64 -2.64

0.60  33.00 36.30 39.60 46.20 52.80 56.10 52.80 46.20 39.60 29.70 21.45
16.50 2.97  0.00  -1.32 -2.31 -2.97 -3.30 -3.30 -3.30 -3.30 -3.30 -3.30
-3.30 -3.30 -3.30 -3.30 -3.30 -2.97 -2.97 -2.64

0.50  31.02 33.00 36.30 39.60 47.20 49.50 49.50 42.90 39.60 33.00 26.40
21.45 16.50 3.30  0.33  -0.33 -0.99 -1.65 -1.98 -2.31 -2.64 -2.64 -2.64
-2.64 -2.64 -2.64 -2.64 -2.64 -2.64 -2.31 -2.31

0.40  26.40 29.70 32.34 36.30 39.60 39.60 42.90 42.90 39.60 36.30 33.00
28.71 26.40 22.44 19.47 9.90  0.00  -0.33 -0.99 -1.32 -1.98 -2.31 -2.31
-2.31 -1.98 -1.98 -1.98 -1.98 -1.98 -1.98 -1.65

0.30  19.80 23.10 26.40 28.71 31.35 33.00 36.30 36.30 33.00 31.02 28.71
27.39 26.40 23.43 20.79 17.82 9.90  3.30  1.65  0.00  -0.66 -0.66 -0.66
-0.99 -0.99 -1.32 -1.32 -1.32 -1.32 -1.32 -1.32

0.20  13.20 15.18 17.16 19.80 22.44 24.09 25.08 26.40 27.39 27.39 27.06
26.73 25.74 24.42 23.10 21.45 19.47 17.16 9.90  6.60  3.30  2.64  0.99 
0.00  0.00  -0.33 -0.66 -0.66 -0.66 -0.66 -0.66

0.10  4.95  6.93  9.24  10.56 11.88 13.20 14.85 16.50 16.50 18.15 19.14
18.81 18.81 18.48 17.82 16.83 16.17 15.51 14.85 13.86 13.20 11.88 10.56
9.57  8.58  7.59  6.60  3.63  2.97  2.31  1.65

0.09  3.30  6.60  7.59  9.90  11.22 12.21 13.20 14.85 15.84 16.50 16.50
16.83 16.83 16.83 16.50 16.50 15.84 15.18 14.85 14.19 13.20 12.21 10.89
9.90  8.91  7.92  6.93  4.95  3.30  2.31  1.98

0.08  1.65  4.95  6.60  8.25  9.90  11.55 13.20 14.85 15.18 15.51 15.84
15.84 16.17 15.84 15.84 15.51 15.18 14.85 14.52 13.86 12.87 11.88 10.89
10.23 9.24  7.59  7.26  6.60  4.62  2.31  1.65

0.07  0.00  2.64  4.95  7.26  9.24  10.23 11.22 11.22 11.88 12.54 13.20
13.86 14.85 15.18 14.85 14.85 14.52 14.19 13.86 13.20 12.54 11.88 10.89
10.23 9.24  8.25  7.59  6.60  4.29  2.64  0.99

0.06  0.00  0.33  3.30  5.61  7.59  8.91  9.90  10.23 12.21 12.87 13.53
13.53 13.53 13.86 13.86 13.53 13.53 13.20 13.20 12.54 11.88 11.55 10.89
9.90  9.24  8.25  7.26  6.60  4.29  3.30  0.66

0.05  0.00  0.00  0.33  2.97  5.61  7.26  8.91  9.90  10.56 11.22 11.88
11.88 12.21 12.54 12.54 12.54 12.21 12.21 11.88 11.55 11.22 10.56 9.90 
9.24  8.91  7.59  6.93  5.61  3.30  0.99  0.00

0.04  0.00  0.00  0.00  0.33  2.64  4.29  6.60  7.59  9.24  9.57  10.23
10.89 11.22 11.22 11.22 11.22 10.89 10.89 10.89 10.56 9.90  9.57  8.91 
8.25  7.59  6.60  5.28  3.63  0.99  0.00  0.00

0.03  0.00  0.00  0.00  0.00  0.33  0.33  2.31  4.29  6.27  6.93  7.59 
8.25  8.91  9.24  9.57  9.57  9.57  9.57  8.91  8.58  8.25  7.59  6.93 
6.27  5.61  4.29  2.64  0.33  0.00  0.00  0.00

0.02  0.00  0.00  0.00  0.00  0.00  0.00  0.00  0.00  0.00  0.66  2.64 
3.30  4.62  5.28  5.94  5.94  6.27  5.94  5.61  5.28  4.95  4.29  3.96 
2.97  0.66  0.00  0.00  0.00  0.00  0.00  0.00

0.01  0.00  0.00  0.00  0.00  0.00  0.00  0.00  0.00  0.00  0.00  0.00 
0.00  0.00  0.00  0.00  0.00  0.00  0.00  0.00  0.00  0.00  0.00  0.00 
0.00  0.00  0.00  0.00  0.00  0.00  0.00  0.00

0.00 0.00  -1.00 -2.00 -3.00 -4.00 -5.00 -6.00 -7.00 -8.00 -9.00 -10.00 
-11.00  -12.00  -13.00  -14.00  -15.00  -16.00  -17.00  -18.00  -19.00 
-20.00  -21.00  -22.00  -23.00  -24.00  -25.00  -26.00  -27.00  -28.00 
-29.00  -30.00
